237086
59505
2296
134952
251074
188699
162733
233891
250826
247279
164031
197140
127403
250206
167599
249515
12363
10858
171301
249455
248111
239623
248544
216551
246540
246834
194297
205922
58841
234600
234599
227291
233041
195939
228016
182137
49821
203419
217670
171518
204416
2528
205485
208051
212384
206513
213795
593
172174
173450
213201
11388
134779
208014
210590
220130
189661
210505
76139
200971
211950
201522
174591
211689
205476
211483
210595
209746
209694
210874
210175
192932
187950
208278
210398
179202
207602
133329
183132
191599
170931
180703
34457
207865
165269
208369
127228
204042
204245
145887
204475
127803
203209
206762
205201
185370
184228
85266
162762
187066
162854
205936
179332
190695
174123
191556
183982
73931
3486
204750
184654
183703
176753
155610
2755
156263
159206
204092
180392
184006
83472
177114
162356
146832
247022
191523
164567
7960
157495
124473
200679
189683
80629
176637
200495
201386
189091
202814
154800
67591
202653
206675
204334
52295
197758
161216
1536
161136
156494
196247
190337
164476
169821
237694
39409
126193
4264
129574
2986
133649
243583
242006
251112
251091
200542
146679
251012
70400
86970
1935
143038
156312
171210
250922
89080
239629
176719
205595
250233
175297
189268
190360
158434
225853
248352
126324
74833
236809
1514
200554
140584
212045
214971
75816
88401
249498
165606
71907
238848
186451
3077
248729
246960
248019
247909
156391
214138
246787
200797
246768
211538
156378
220484
239743
58798
195460
232257
235918
189434
183676
214201
75055
232674
171657
88691
205808
173173
206802
205188
229096
190804
228132
141079
150593
128288
230211
152478
169479
217035
75839
219727
182203
2925
162695
18686
163118
180729
184339
217835
214921
215811
174678
239181
213597
205219
216266
146867
221680
215641
191272
212965
215608
165639
247114
195191
202724
194151
204500
214169
214171
15504
149778
51510
213005
213057
151687
62342
172168
201233
159451
212991
18294
204086
176069
182169
156530
164007
160022
181682
181276
154734
53558
212413
135593
162946
212306
148203
212095
149392
6057
132388
84900
211721
2667
60600
67531
1415
201728
191972
153903
61733
89345
154227
17139
179021
211250
74552
210049
211987
181774
211601
185087
211156
228759
210711
142836
206902
127566
138959
151302
210577
205600
209974
210244
209666
210229
54573
164956
210238
150079
204079
209279
222767
158679
209254
208742
203513
155169
208891
203607
53030
202602
208600
208657
208618
182040
2991
169332
162295
66895
208503
151294
20679
203642
213823
191087
188305
75215
208371
153812
217588
43753
189414
171770
207106
207747
213672
161003
141340
179709
14445
195821
157584
193141
206872
158850
207314
173634
207206
164839
74222
201241
206908
205466
62444
203707
205364
74879
131388
180536
149359
200460
92155
206120
155178
138982
69305
192755
178234
171169
173412
182002
206325
141196
206299
134445
1964
164751
206221
143455
188278
206186
13788
190581
204745
206063
202760
197273
205805
52662
55489
11785
173266
144754
49911
5051
179171
191104
66317
176277
176154
162792
522
65231
84430
145168
129723
125449
163134
2349
8992
2484
198986
13509
181971
193755
138076
74501
205408
65356
84313
139494
178761
183895
142328
164219
193788
216812
134763
185418
190006
184233
202840
205187
144582
131483
179085
194844
164257
192140
204719
168939
169265
152010
148797
185462
63514
238986
193364
173074
202120
167846
164575
173987
179479
184221
205071
142577
151100
166975
184770
179002
167437
181741
189692
170886
176432
210747
174573
163512
129798
177278
134790
